1805
4423
4443
7366
1226
1438
1469
1558
1717
5299
1891
1957
2000
5508
129
7578
926
149
979
3559
3835
4811
1244
4948
1400
5235
5563
2169
5691
2438
2458
962
2833
3091
3394
3682
3746
3790
4010
4052
4258
4317
4518
4127
4430
4846
1146
1157
6271
1197
1311
1333
1348
1363
5012
1736
5184
1840
1853
1926
2044
2127
2191
2211
5696
2277
2309
2333
5782
5904
2539
5946
5969
6015
2657
2989
6264
3249
3280
3313
3637
3406
3447
6584
3468
3494
3525
3611
3665
3730
6776
3784
3817
3853
3883
3974
4025
6979
7004
4094
4500
7408
4188
4451
4478
7324
7437
4691
7463
4766
4795
